latitude=28.625178125267944
longitude=77.37336193069139
